{"poses":[[-0.17047397792339325,-0.54753172397613525,0.81923598051071167,0,0.98524391651153564,-0.081833131611347198,0.15032568573951721,0,-0.015267430804669857,0.83277386426925659,0.55340272188186646,0,-0.13649770617485046,0.26487866044044495,0.6233786940574646,1],[-0.17011001706123352,-0.55065929889678955,0.81721299886703491,0,0.98518896102905273,-0.076880894601345062,0.15327136218547821,0,-0.021572230383753777,0.83118206262588501,0.55558162927627563,0,-0.13819786906242371,0.26831132173538208,0.63197284936904907,1],[-0.16971534490585327,-0.55458927154541016,0.81463330984115601,0,0.98512178659439087,-0.07278161495923996,0.15568524599075317,0,-0.027051037177443504,0.82893520593643188,0.55869019031524658,0,-0.13984790444374084,0.27176210284233093,0.6408112645149231,1],[-0.1692645251750946,-0.55808347463607788,0.81233763694763184,0,0.9851190447807312,-0.070852212607860565,0.15659037232398987,0,-0.029834579676389694,0.82675439119338989,0.5617714524269104,0,-0.141704261302948,0.27618357539176941,0.65267080068588257,1],[-0.16818855702877045,-0.56068128347396851,0.81077075004577637,0,0.98530012369155884,-0.070638217031955719,0.15554420650005341,0,-0.029939308762550354,0.82501322031021118,0.56431978940963745,0,-0.14407876133918762,0.28256803750991821,0.67010915279388428,1],[-0.16827726364135742,-0.56244540214538574,0.80952948331832886,0,0.98528283834457397,-0.070970676839351654,0.15550214052200317,0,-0.030008621513843536,0.82378292083740234,0.56611061096191406,0,-0.14566013216972351,0.28678390383720398,0.68187761306762695,1],[-0.16832403838634491,-0.56396281719207764,0.80846339464187622,0,0.9852529764175415,-0.070696905255317688,0.1558157354593277,0,-0.030718427151441574,0.8227684497833252,0.56754601001739502,0,-0.14694038033485413,0.29032963514328003,0.69188123941421509,1],[-0.16835644841194153,-0.56564819812774658,0.80727821588516235,0,0.98521298170089722,-0.070135630667209625,0.15632139146327972,0,-0.031803935766220093,0.82165873050689697,0.56909173727035522,0,-0.14806145429611206,0.29369387030601501,0.70137858390808105,0.99999994039535522],[-0.16849581897258759,-0.56739246845245361,0.80602413415908813,0,0.9851793646812439,-0.070304423570632935,0.15645736455917358,0,-0.032105669379234314,0.82044076919555664,0.57082945108413696,0,-0.14906340837478638,0.296976238489151,0.71075683832168579,1],[-0.16890190541744232,-0.56914842128753662,0.80470007658004761,0,0.98511642217636108,-0.071053914725780487,0.15651522576808929,0,-0.031903300434350967,0.81915897130966187,0.57267856597900391,0,-0.14994573593139648,0.30022117495536804,0.72015225887298584,0.99999994039535522],[-0.1694631427526474,-0.57094097137451172,0.8033110499382019,0,0.98502874374389648,-0.071961097419261932,0.1566523015499115,0,-0.031632062047719955,0.81783127784729004,0.57458794116973877,0,-0.15071287751197815,0.30346933007240295,0.72959011793136597,1],[-0.17004041373729706,-0.57245564460754395,0.80211013555526733,0,0.9849393367767334,-0.072864457964897156,0.15679620206356049,0,-0.031313538551330566,0.81669157743453979,0.57622396945953369,0,-0.1513763964176178,0.30671381950378418,0.73905313014984131,0.99999988079071045],[-0.17066824436187744,-0.57311332225799561,0.80150711536407471,0,0.98484635353088379,-0.073772788047790527,0.15695661306381226,0,-0.030824508517980576,0.81614881753921509,0.57701915502548218,0,-0.1519351452589035,0.30989870429039001,0.74851971864700317,1.0000001192092896],[-0.17118875682353973,-0.57302385568618774,0.80145996809005737,0,0.98476457595825195,-0.074294686317443848,0.15722306072711945,0,-0.030548341572284698,0.81616413593292236,0.57701200246810913,0,-0.15240731835365295,0.31302565336227417,0.75797897577285767,1],[-0.17140506207942963,-0.57270205020904541,0.80164366960525513,0,0.98471200466156006,-0.073964111506938934,0.15770749747753143,0,-0.031026547774672508,0.81642001867294312,0.57662445306777954,0,-0.15278956294059753,0.31614464521408081,0.76745963096618652,1],[-0.17128577828407288,-0.57242578268051147,0.80186653137207031,0,0.98468697071075439,-0.072659924626350403,0.15846835076808929,0,-0.032447796314954758,0.81673085689544678,0.57610577344894409,0,-0.15307119488716125,0.3192998468875885,0.77699542045593262,1],[-0.17121805250644684,-0.57209032773971558,0.8021203875541687,0,0.9846423864364624,-0.071171790361404419,0.1594172865152359,0,-0.034112751483917236,0.81709682941436768,0.57549029588699341,0,-0.15324100852012634,0.32246500253677368,0.78661578893661499,1],[-0.17117595672607422,-0.57187086343765259,0.80228573083877563,0,0.98459041118621826,-0.069715201854705811,0.16037937998771667,0,-0.035784777253866196,0.81737595796585083,0.57499212026596069,0,-0.15330100059509277,0.325654536485672,0.79631984233856201,1],[-0.17105254530906677,-0.57176923751831055,0.80238455533981323,0,0.98452854156494141,-0.06777547299861908,0.16158607602119446,0,-0.038007955998182297,0.81761020421981812,0.57451629638671875,0,-0.15325862169265747,0.32889100909233093,0.80609250068664551,0.99999994039535522],[-0.17079147696495056,-0.57127106189727783,0.8027949333190918,0,0.98444485664367676,-0.064857274293899536,0.16328418254852295,0,-0.041212428361177444,0.8181949257850647,0.57346194982528687,0,-0.15311217308044434,0.33213993906974792,0.81589639186859131,1],[-0.16963592171669006,-0.57099431753158569,0.80323666334152222,0,0.98434662818908691,-0.058633401989936829,0.16620407998561859,0,-0.047805093228816986,0.81885755062103271,0.57200264930725098,0,-0.15286216139793396,0.3354790210723877,0.82574135065078735,1.0000001192092896],[-0.16791714727878571,-0.5735924243927002,0.80174535512924194,0,0.9843413233757019,-0.053314629942178726,0.16801710426807404,0,-0.053628556430339813,0.81740403175354004,0.57356303930282593,0,-0.13537700474262238,0.40904924273490906,0.83502203226089478,0.99999994039535522],[-0.16569279134273529,-0.58063715696334839,0.79712396860122681,0,0.98447883129119873,-0.049966704100370407,0.16824048757553101,0,-0.057857021689414978,0.81262785196304321,0.57990407943725586,0,-0.084850870072841644,0.61825960874557495,0.84457182884216309,1],[-0.16474689543247223,-0.5825577974319458,0.7959175705909729,0,0.98452717065811157,-0.048280350863933563,0.16844922304153442,0,-0.059704232960939407,0.81135410070419312,0.58149808645248413,0,-0.067993380129337311,0.68889856338500977,0.85551011562347412,1],[-0.16439568996429443,-0.58277338743209839,0.79583245515823364,0,0.98456293344497681,-0.047802556306123734,0.16837695240974426,0,-0.060082767158746719,0.81122756004333496,0.58163553476333618,0,-0.061637051403522491,0.71575081348419189,0.86691296100616455,1],[-0.16436335444450378,-0.58266055583953857,0.79592174291610718,0,0.98460346460342407,-0.04823586717247963,0.16801600158214569,0,-0.059504318982362747,0.81128299236297607,0.58161783218383789,0,-0.05848192423582077,0.72878009080886841,0.87855702638626099,1],[-0.16442587971687317,-0.58275139331817627,0.79584228992462158,0,0.98468881845474243,-0.049617361277341843,0.16711066663265228,0,-0.057896379381418228,0.81113439798355103,0.58198714256286621,0,-0.056238286197185516,0.73743230104446411,0.89036309719085693,1],[-0.16443617641925812,-0.58326172828674316,0.79546618461608887,0,0.98480832576751709,-0.051458586007356644,0.16584524512290955,0,-0.05579761415719986,0.81065267324447632,0.58286261558532715,0,-0.054090864956378937,0.74465209245681763,0.90231180191040039,1],[-0.16407124698162079,-0.58408010005950928,0.79494094848632812,0,0.98499339818954468,-0.053250502794981003,0.16417135298252106,0,-0.053558230400085449,0.80994737148284912,0.58405202627182007,0,-0.051709242165088654,0.75132858753204346,0.91439777612686157,1],[-0.16329780220985413,-0.58534389734268188,0.79417026042938232,0,0.98522317409515381,-0.054599735885858536,0.16233944892883301,0,-0.051662929356098175,0.80894464254379272,0.58561038970947266,0,-0.049449227750301361,0.75798326730728149,0.92658865451812744,1],[-0.16281652450561523,-0.58624112606048584,0.79360705614089966,0,0.98546379804611206,-0.057088166475296021,0.16000659763813019,0,-0.048496879637241364,0.80812269449234009,0.58701437711715698,0,-0.047120951116085052,0.76456230878829956,0.93889373540878296,1],[-0.16292351484298706,-0.58679080009460449,0.79317879676818848,0,0.98563230037689209,-0.060496173799037933,0.15769973397254944,0,-0.04455246776342392,0.80747562646865845,0.58821618556976318,0,-0.044643618166446686,0.77109330892562866,0.95133757591247559,1],[-0.16287526488304138,-0.58730334043502808,0.79280930757522583,0,0.98580896854400635,-0.063765719532966614,0.15528842806816101,0,-0.040647353976964951,0.80685114860534668,0.5893547534942627,0,-0.042037032544612885,0.7776186466217041,0.96390354633331299,1],[-0.16253606975078583,-0.58763176202774048,0.79263544082641602,0,0.9859851598739624,-0.066099204123020172,0.153180330991745,0,-0.037621058523654938,0.80642408132553101,0.59013968706130981,0,-0.03932710736989975,0.78413999080657959,0.97658306360244751,1],[-0.16209733486175537,-0.58746051788330078,0.79285216331481934,0,0.9861186146736145,-0.06714262068271637,0.15186129510402679,0,-0.035978354513645172,0.80646270513534546,0.59018945693969727,0,-0.036519333720207214,0.7906574010848999,0.98937404155731201,1],[-0.16167213022708893,-0.58652079105377197,0.79363435506820679,0,0.98623675107955933,-0.067808255553245544,0.15079493820667267,0,-0.034629397094249725,0.80709069967269897,0.58941102027893066,0,-0.033607393503189087,0.79715347290039062,1.0022627115249634,1],[-0.16152571141719818,-0.5852699875831604,0.79458695650100708,0,0.98634535074234009,-0.069530390202999115,0.14929276704788208,0,-0.032128646969795227,0.80785179138183594,0.58850938081741333,0,-0.030529491603374481,0.80364835262298584,1.0152844190597534,1],[-0.16182063519954681,-0.58450251817703247,0.79509168863296509,0,0.986397385597229,-0.072224438190460205,0.14766107499599457,0,-0.028883235529065132,0.80817103385925293,0.58823919296264648,0,-0.027266226708889008,0.81018799543380737,1.0284881591796875,1],[-0.16277475655078888,-0.58434081077575684,0.79501599073410034,0,0.98632782697677612,-0.075357265770435333,0.14655673503875732,0,-0.025728844106197357,0.80800199508666992,0.58861774206161499,0,-0.023831591010093689,0.8167608380317688,1.0418722629547119,1],[-0.16394276916980743,-0.58511060476303101,0.79420924186706543,0,0.98618787527084351,-0.077964931726455688,0.14613310992717743,0,-0.023583555594086647,0.8071969747543335,0.58981072902679443,0,-0.020274629816412926,0.82340002059936523,1.0554512739181519,0.99999994039535522],[-0.16495515406131744,-0.58631372451782227,0.79311162233352661,0,0.98605525493621826,-0.080083295702934265,0.14588232338428497,0,-0.022017814218997955,0.80611592531204224,0.59134793281555176,0,-0.016602024435997009,0.8300786018371582,1.0691910982131958,1],[-0.16598334908485413,-0.58736115694046021,0.79212141036987305,0,0.98591089248657227,-0.081966601312160492,0.14581198990345001,0,-0.020716795697808266,0.80516356229782104,0.59269088506698608,0,-0.012796618044376373,0.83676749467849731,1.083069920539856,1],[-0.16683927178382874,-0.58823579549789429,0.79129219055175781,0,0.98579883575439453,-0.083959735929965973,0.14543533325195312,0,-0.01911359466612339,0.80431920289993286,0.59389007091522217,0,-0.008856557309627533,0.84346109628677368,1.0970786809921265,1],[-0.16753076016902924,-0.58909100294113159,0.79050940275192261,0,0.98571956157684326,-0.086231254041194916,0.14464128017425537,0,-0.017040256410837173,0.80345249176025391,0.59512495994567871,0,-0.0047602904960513115,0.85014194250106812,1.1112300157546997,0.99999988079071045],[-0.16788606345653534,-0.59009456634521484,0.78968507051467896,0,0.98568594455718994,-0.087967284023761749,0.14382177591323853,0,-0.015402007848024368,0.80252724885940552,0.5964164137840271,0,-0.0005261152982711792,0.85684114694595337,1.1255506277084351,1],[-0.16813606023788452,-0.59101307392120361,0.7889447808265686,0,0.98566937446594238,-0.089719846844673157,0.14285025000572205,0,-0.013642372563481331,0.80165696144104004,0.59762871265411377,0,0.0038634985685348511,0.86352390050888062,1.140032172203064,1],[-0.16841942071914673,-0.59198027849197388,0.78815877437591553,0,0.98563843965530396,-0.091145306825637817,0.14215971529483795,0,-0.012318780645728111,0.8007819652557373,0.59882915019989014,0,0.0084175122901797295,0.87020134925842285,1.1546831130981445,0.99999994039535522],[-0.1688784658908844,-0.59290027618408203,0.78736865520477295,0,0.98557555675506592,-0.092670120298862457,0.1416088193655014,0,-0.010994361713528633,0.79992592334747314,0.59999799728393555,0,0.013139846734702587,0.87689101696014404,1.1694878339767456,0.99999994039535522],[-0.16964486241340637,-0.59357291460037231,0.78669679164886475,0,0.9854627251625061,-0.094759248197078705,0.14101004600524902,0,-0.0091529572382569313,0.79918193817138672,0.60101938247680664,0,0.018027054145932198,0.88356518745422363,1.1844276189804077,0.99999994039535522],[-0.17050813138484955,-0.59414380788803101,0.78607898950576782,0,0.98532259464263916,-0.096212565898895264,0.14100545644760132,0,-0.0081468522548675537,0.79858392477035522,0.60182839632034302,0,0.023049652576446533,0.89026105403900146,1.1995187997817993,1],[-0.171311154961586,-0.59470385313034058,0.78548067808151245,0,0.98518157005310059,-0.096645981073379517,0.14169266819953918,0,-0.0083516361191868782,0.7981145977973938,0.60244780778884888,0,0.028196427971124649,0.89699751138687134,1.2147701978683472,1],[-0.18444927036762238,-0.58709812164306641,0.78822225332260132,0,0.98241984844207764,-0.086629390716552734,0.16536791622638702,0,-0.028803989291191101,0.80486714839935303,0.59275555610656738,0,0.03869493305683136,0.7217336893081665,1.0426648855209351,1],[-0.22195056080818176,-0.56414830684661865,0.79528278112411499,0,0.97123056650161743,-0.055715139955282211,0.23153217136859894,0,-0.086309194564819336,0.82379156351089478,0.56028401851654053,0,0.054060570895671844,0.19725242257118225,0.50264608860015869,1],[-0.23455336689949036,-0.55754619836807251,0.79632085561752319,0,0.96649312973022461,-0.045870043337345123,0.25256094336509705,0,-0.10428711771965027,0.82887768745422363,0.54962354898452759,0,0.058915771543979645,0.031907171010971069,0.3321235179901123,0.99999994039535522],[-0.23907254636287689,-0.55619096755981445,0.79592448472976685,0,0.96473950147628784,-0.043114062398672104,0.25965160131454468,0,-0.11010035127401352,0.82993537187576294,0.5468868613243103,0,0.060626529157161713,-0.020081540569663048,0.27845591306686401,0.99999994039535522],[-0.24109481275081635,-0.55660784244537354,0.79502260684967041,0,0.96403723955154419,-0.04296063631772995,0.26227197051048279,0,-0.11182796955108643,0.82966375350952148,0.54694831371307373,0,0.06137814000248909,-0.03635711595416069,0.26162490248680115,0.99999994039535522],[-0.24241945147514343,-0.55759167671203613,0.79392975568771362,0,0.96367144584655762,-0.043822865933179855,0.26347097754478455,0,-0.11211694777011871,0.82895785570144653,0.54795867204666138,0,0.061869785189628601,-0.041372384876012802,0.25640547275543213,1],[-0.24408076703548431,-0.55964100360870361,0.79197633266448975,0,0.96291297674179077,-0.043024115264415741,0.26635956764221191,0,-0.11499165743589401,0.8276175856590271,0.54938697814941406,0,0.074379175901412964,-0.040527988225221634,0.25700178742408752,0.99999994039535522],[-0.24655906856060028,-0.56328123807907104,0.78862088918685913,0,0.96120637655258179,-0.038304999470710754,0.27315741777420044,0,-0.12365633249282837,0.82537686824798584,0.55087399482727051,0,0.10935758054256439,-0.034331314265727997,0.26281508803367615,1],[-0.24800439178943634,-0.56514990329742432,0.78682875633239746,0,0.96040397882461548,-0.036991648375988007,0.27614468336105347,0,-0.12695705890655518,0.82415848970413208,0.55194634199142456,0,0.12043850123882294,-0.032297581434249878,0.26474210619926453,1],[-0.24910284578800201,-0.56613928079605103,0.78576964139938354,0,0.9599347710609436,-0.036810178309679031,0.27779486775398254,0,-0.12834626436233521,0.82348716259002686,0.55262631177902222,0,0.12401069700717926,-0.031590729951858521,0.26543080806732178,0.99999982118606567],[-0.25015142560005188,-0.56681197881698608,0.78495121002197266,0,0.95957326889038086,-0.037112817168235779,0.27900156378746033,0,-0.1290096789598465,0.82301080226898193,0.55318152904510498,0,0.12524110078811646,-0.03129851445555687,0.26574599742889404,1],[-0.25122705101966858,-0.56776547431945801,0.78391784429550171,0,0.95928382873535156,-0.03805084154009819,0.27986875176429749,0,-0.12907108664512634,0.82231032848358154,0.55420774221420288,0,0.12575250864028931,-0.031118784099817276,0.2659771740436554,1],[-0.24973680078983307,-0.56882166862487793,0.78362840414047241,0,0.95984512567520142,-0.038625139743089676,0.27785855531692505,0,-0.12778420746326447,0.82155334949493408,0.55562686920166016,0,0.12807746231555939,-0.029755216091871262,0.26713660359382629,1],[-0.24348871409893036,-0.56956076622009277,0.78505659103393555,0,0.9619145393371582,-0.038131322711706161,0.2706775963306427,0,-0.12423210591077805,0.82106423377990723,0.55715340375900269,0,0.13407003879547119,-0.026102118194103241,0.27001485228538513,1.0000001192092896],[-0.24203628301620483,-0.57057112455368042,0.78477197885513306,0,0.96236646175384521,-0.038164291530847549,0.26906180381774902,0,-0.12356863170862198,0.82036095857620239,0.55833560228347778,0,0.13599462807178497,-0.024829428642988205,0.27103117108345032,0.99999994039535522],[-0.24210992455482483,-0.57138526439666748,0.78415662050247192,0,0.96234655380249023,-0.038478720933198929,0.26908841729164124,0,-0.12357982248067856,0.81977939605712891,0.55918675661087036,0,0.13665670156478882,-0.02432764507830143,0.27146187424659729,0.99999994039535522],[-0.24274961650371552,-0.57193410396575928,0.78355854749679565,0,0.96217763423919678,-0.039004694670438766,0.26961627602577209,0,-0.1236402839422226,0.81937170028686523,0.55977064371109009,0,0.13694457709789276,-0.02408638596534729,0.27171856164932251,1],[-0.24353444576263428,-0.57241451740264893,0.78296399116516113,0,0.96199893951416016,-0.03977888822555542,0.27013996243476868,0,-0.12348662316799164,0.81899887323379517,0.56034970283508301,0,0.13711865246295929,-0.023931778967380524,0.27193760871887207,1],[-0.24440401792526245,-0.57282912731170654,0.78238958120346069,0,0.96181577444076538,-0.040700271725654602,0.2706545889377594,0,-0.12319537997245789,0.81866371631622314,0.56090337038040161,0,0.1372591108083725,-0.023811828345060349,0.27215251326560974,0.99999994039535522],[-0.24534468352794647,-0.57326364517211914,0.78177672624588013,0,0.96156632900238037,-0.041359227150678635,0.27143993973731995,0,-0.12327296286821365,0.81832653284072876,0.56137818098068237,0,0.13738572597503662,-0.023692304268479347,0.2723863422870636,1.0000001192092896],[-0.24641892313957214,-0.57364350557327271,0.78115981817245483,0,0.96125519275665283,-0.041907388716936111,0.2724558413028717,0,-0.12355615943670273,0.81803220510482788,0.5617445707321167,0,0.13751102983951569,-0.023569380864500999,0.27264499664306641,1],[-0.24742034077644348,-0.57393890619277954,0.78062623739242554,0,0.96094638109207153,-0.04228321835398674,0.27348515391349792,0,-0.12395638972520828,0.81780576705932617,0.56198632717132568,0,0.13762468099594116,-0.023431446403264999,0.2729203999042511,1],[-0.24828784167766571,-0.57397431135177612,0.78032475709915161,0,0.96064770221710205,-0.042333915829658508,0.27452489733695984,0,-0.12453602999448776,0.81777834892272949,0.56189799308776855,0,0.13771666586399078,-0.02328149601817131,0.27320602536201477,1],[-0.24918410181999207,-0.57320988178253174,0.78060084581375122,0,0.96031159162521362,-0.041932806372642517,0.2757594883441925,0,-0.12533526122570038,0.81833493709564209,0.56090909242630005,0,0.13780558109283447,-0.023159779608249664,0.27348059415817261,0.99999994039535522],[-0.2491595596075058,-0.5714300274848938,0.78191256523132324,0,0.96020174026489258,-0.040531877428293228,0.27635094523429871,0,-0.12622286379337311,0.81964927911758423,0.55878698825836182,0,0.1377328634262085,-0.022257309406995773,0.27309456467628479,1.0000001192092896],[-0.24735662341117859,-0.56893527507781982,0.78430056571960449,0,0.96064144372940063,-0.038386289030313492,0.27512630820274353,0,-0.12642265856266022,0.82148599624633789,0.55603796243667603,0,0.13735581934452057,-0.019851271063089371,0.2714729905128479,1],[-0.24731908738613129,-0.56648677587509155,0.7860826849937439,0,0.96040856838226318,-0.035937469452619553,0.27626770734786987,0,-0.12825220823287964,0.82328683137893677,0.55294680595397949,0,0.13726651668548584,-0.019047494977712631,0.27115890383720398,1],[-0.24780365824699402,-0.56432133913040161,0.78748637437820435,0,0.95995974540710449,-0.033404186367988586,0.27813923358917236,0,-0.13065455853939056,0.82487916946411133,0.55000346899032593,0,0.13727527856826782,-0.01875869557261467,0.27126234769821167,1],[-0.24849535524845123,-0.56252330541610718,0.78855413198471069,0,0.9595140814781189,-0.031508393585681915,0.27989274263381958,0,-0.1326000988483429,0.82618087530136108,0.54757863283157349,0,0.13733640313148499,-0.018651576712727547,0.2715182900428772,1],[-0.24939925968647003,-0.56137144565582275,0.78908944129943848,0,0.95916914939880371,-0.03095301054418087,0.28113409876823425,0,-0.1333959698677063,0.82698488235473633,0.54616987705230713,0,0.13746027648448944,-0.018584389239549637,0.27187126874923706,0.99999994039535522],[-0.24929799139499664,-0.56102687120437622,0.78936648368835449,0,0.95918130874633789,-0.030681740492582321,0.28112253546714783,0,-0.1334981769323349,0.82722878456115723,0.54577547311782837,0,0.13731466233730316,-0.017788263037800789,0.27147942781448364,1.0000001192092896],[-0.24731725454330444,-0.56116676330566406,0.78988993167877197,0,0.95977228879928589,-0.030037537217140198,0.27916824817657471,0,-0.1329336017370224,0.82715755701065063,0.54602110385894775,0,0.13658992946147919,-0.015633365139365196,0.26956173777580261,1],[-0.24699826538562775,-0.56184184551239014,0.78950971364974976,0,0.9597318172454834,-0.029325950890779495,0.27938294410705566,0,-0.13381589949131012,0.82672470808029175,0.54646092653274536,0,0.13642816245555878,-0.014705711975693703,0.26932591199874878,1],[-0.24701757729053497,-0.56290203332901001,0.78874802589416504,0,0.95955437421798706,-0.028653308749198914,0.280061274766922,0,-0.13504683971405029,0.8260267972946167,0.54721301794052124,0,0.13643495738506317,-0.014122873544692993,0.26965489983558655,1],[-0.24715371429920197,-0.56406259536743164,0.78787589073181152,0,0.95937830209732056,-0.028288515284657478,0.28070083260536194,0,-0.13604500889778137,0.82524734735488892,0.54814106225967407,0,0.13650603592395782,-0.013653314672410488,0.27018588781356812,0.99999994039535522],[-0.24726781249046326,-0.5652158260345459,0.78701311349868774,0,0.95924466848373413,-0.028137778863310814,0.28117242455482483,0,-0.1367783397436142,0.82446300983428955,0.54913789033889771,0,0.13661652803421021,-0.013240626081824303,0.27079585194587708,1],[-0.24628937244415283,-0.56605243682861328,0.78671860694885254,0,0.95958089828491211,-0.028359847143292427,0.28000026941299438,0,-0.13618363440036774,0.82388126850128174,0.55015790462493896,0,0.13637116551399231,-0.012316271662712097,0.27050378918647766,1],[-0.24348902702331543,-0.56642287969589233,0.78732341527938843,0,0.96062546968460083,-0.028824461624026299,0.27634754776954651,0,-0.13383542001247406,0.82361042499542236,0.55113869905471802,0,0.13540954887866974,-0.010386360809206963,0.26847046613693237,0.99999994039535522],[-0.24271160364151001,-0.56666135787963867,0.78739196062088013,0,0.96103864908218384,-0.029781466349959373,0.2748049795627594,0,-0.13227167725563049,0.82341241836547852,0.55181187391281128,0,0.13522456586360931,-0.0096471626311540604,0.26824700832366943,1],[-0.24251806735992432,-0.56681114435195923,0.78734374046325684,0,0.96124637126922607,-0.03071080707013607,0.27397486567497253,0,-0.13111206889152527,0.82327514886856079,0.55229312181472778,0,0.13527669012546539,-0.0093080857768654823,0.26858973503112793,1],[-0.24264821410179138,-0.5669478178024292,0.7872050404548645,0,0.961311936378479,-0.031456667929887772,0.27365976572036743,0,-0.13038796186447144,0.82315272092819214,0.55264663696289062,0,0.13540466129779816,-0.0091002294793725014,0.2691383957862854,0.99999988079071045],[-0.24305564165115356,-0.56690770387649536,0.78710836172103882,0,0.96132087707519531,-0.032395564019680023,0.27351909875869751,0,-0.12956127524375916,0.82314413785934448,0.55285412073135376,0,0.13557422161102295,-0.0089628081768751144,0.26978155970573425,1],[-0.24372132122516632,-0.56675708293914795,0.78701096773147583,0,0.96125698089599609,-0.033410351723432541,0.27362167835235596,0,-0.12878270447254181,0.82320719957351685,0.55294197797775269,0,0.13577428460121155,-0.0088578416034579277,0.27049335837364197,1],[-0.24444912374019623,-0.56672465801239014,0.78680866956710815,0,0.96112328767776489,-0.03416413813829422,0.27399808168411255,0,-0.12840086221694946,0.82319867610931396,0.55304372310638428,0,0.13596108555793762,-0.0087286513298749924,0.2712700366973877,1],[-0.24515114724636078,-0.56673300266265869,0.78658413887023926,0,0.96096467971801758,-0.034719958901405334,0.27448385953903198,0,-0.12824887037277222,0.82316964864730835,0.55312198400497437,0,0.13612844049930573,-0.0085648475214838982,0.27209281921386719,0.99999988079071045],[-0.24577625095844269,-0.56663012504577637,0.78646326065063477,0,0.96081966161727905,-0.035154622048139572,0.27493593096733093,0,-0.12813912332057953,0.82322204113006592,0.55306947231292725,0,0.13630278408527374,-0.0083695007488131523,0.27294403314590454,1],[-0.24643571674823761,-0.56613147258758545,0.78661590814590454,0,0.96069753170013428,-0.035678699612617493,0.27529489994049072,0,-0.12778767943382263,0.82354253530502319,0.55267363786697388,0,0.13649660348892212,-0.0081563340499997139,0.27381885051727295,1],[-0.24698086082935333,-0.56511962413787842,0.78717237710952759,0,0.96066194772720337,-0.036327928304672241,0.27533420920372009,0,-0.12700042128562927,0.82420879602432251,0.55186116695404053,0,0.1366923451423645,-0.0079230451956391335,0.27471193671226501,1],[-0.23683489859104156,-0.56372272968292236,0.79128122329711914,0,0.96418988704681396,-0.036316543817520142,0.26271489262580872,0,-0.11936174333095551,0.82516533136367798,0.55213671922683716,0,0.13522878289222717,-0.0067480020225048065,0.26508620381355286,1.0000001192092896],[-0.20587646961212158,-0.56243330240249634,0.80080193281173706,0,0.97357034683227539,-0.035039372742176056,0.22568365931510925,0,-0.098872408270835876,0.8260999321937561,0.55478215217590332,0,0.13052831590175629,-0.0038906042464077473,0.23538392782211304,1],[-0.19617967307567596,-0.56299346685409546,0.80283987522125244,0,0.97617274522781372,-0.034697573632001877,0.21420302987098694,0,-0.092738308012485504,0.82573270797729492,0.55638581514358521,0,0.12909041345119476,-0.0027108835056424141,0.22666254639625549,1],[-0.19351346790790558,-0.5640450119972229,0.80274885892868042,0,0.97688484191894531,-0.035032328218221664,0.21087612211704254,0,-0.090821459889411926,0.8250005841255188,0.55778622627258301,0,0.12871365249156952,-0.0020567786414176226,0.22458763420581818,0.99999994039535522],[-0.19296489655971527,-0.5650782585144043,0.8021540641784668,0,0.97706079483032227,-0.035595998167991638,0.2099645584821701,0,-0.090092934668064117,0.82426905632019043,0.55898457765579224,0,0.12867081165313721,-0.0015771156176924706,0.22461822628974915,1],[-0.19276021420955658,-0.56595820188522339,0.8015826940536499,0,0.97712123394012451,-0.035889051854610443,0.20963327586650848,0,-0.08987562358379364,0.82365238666534424,0.55992782115936279,0,0.12869760394096375,-0.0011422205716371536,0.22517438232898712,1],[-0.17835728824138641,-0.56516993045806885,0.80546373128890991,0,0.98068368434906006,-0.035298164933919907,0.19238932430744171,0,-0.080301262438297272,0.82421904802322388,0.56054854393005371,0,0.12179086357355118,0.0018238192424178123,0.18057557940483093,1],[-0.13541592657566071,-0.56123900413513184,0.81650066375732422,0,0.98944056034088135,-0.033626377582550049,0.14098405838012695,0,-0.051669783890247345,0.82697045803070068,0.55986607074737549,0,0.10156887024641037,0.0094606271013617516,0.04932868480682373,1],[-0.12179744988679886,-0.56018167734146118,0.81936681270599365,0,0.99163836240768433,-0.033207282423973083,0.12470228224992752,0,-0.042646989226341248,0.82770395278930664,0.55954211950302124,0,0.095203280448913574,0.011987903155386448,0.0081785367801785469,1],[-0.1176237016916275,-0.55997776985168457,0.82011550664901733,0,0.9922681450843811,-0.033339459449052811,0.11955010890960693,0,-0.039603188633918762,0.82783645391464233,0.5595695972442627,0,0.09322761744260788,0.012891697697341442,-0.0045973779633641243,1],[-0.11640068143606186,-0.5600547194480896,0.82023745775222778,0,0.992451012134552,-0.033473290503025055,0.11798425018787384,0,-0.038621582090854645,0.82777899503707886,0.55972319841384888,0,0.092637792229652405,0.01327383890748024,-0.0084266085177659988,0.99999988079071045],[-0.11620794236660004,-0.5601840615272522,0.82017654180526733,0,0.99247467517852783,-0.033402267843484879,0.11780636757612228,0,-0.038597475737333298,0.82769447565078735,0.55984997749328613,0,0.092492677271366119,0.013481541536748409,-0.0094250096008181572,1],[-0.1102178692817688,-0.55977475643157959,0.82128208875656128,0,0.99330592155456543,-0.033294394612312317,0.11061083525419235,0,-0.034573066979646683,0.82797563076019287,0.55969727039337158,0,0.091385222971439362,0.015129091218113899,-0.023526208475232124,0.99999994039535522],[-0.092558890581130981,-0.55832147598266602,0.82444524765014648,0,0.9954497218132019,-0.033060315996408463,0.089368507266044617,0,-0.022639937698841095,0.82896572351455688,0.55884099006652832,0,0.088211618363857269,0.019520601257681847,-0.063892379403114319,0.99999994039535522],[-0.087120339274406433,-0.55781370401382446,0.82538104057312012,0,0.99601602554321289,-0.032948292791843414,0.082863852381706238,0,-0.019027687609195709,0.82931190729141235,0.55846184492111206,0,0.087227396667003632,0.020919628441333771,-0.076551303267478943,0.99999994039535522],[-0.08581620454788208,-0.55730384588241577,0.82586199045181274,0,0.99615663290023804,-0.033405575901269913,0.080969139933586121,0,-0.017536023631691933,0.8296363353729248,0.5580286979675293,0,0.086954489350318909,0.021362919360399246,-0.080493912100791931,0.99999994039535522],[-0.086223140358924866,-0.55762046575546265,0.82560592889785767,0,0.99612331390380859,-0.033745981752872467,0.081239037215709686,0,-0.017439661547541618,0.82940995693206787,0.55836832523345947,0,0.086904920637607574,0.021532632410526276,-0.081641815602779388,1],[-0.086756326258182526,-0.55965399742126465,0.82417279481887817,0,0.99604690074920654,-0.032887596637010574,0.082516312599182129,0,-0.019075522199273109,0.82807350158691406,0.56029486656188965,0,0.086891598999500275,0.02166341245174408,-0.081867575645446777,1],[-0.085160449147224426,-0.56085330247879028,0.82352370023727417,0,0.99621564149856567,-0.033510923385620117,0.080196194350719452,0,-0.01738126203417778,0.82723677158355713,0.56158459186553955,0,0.087440311908721924,0.022324863821268082,-0.083606138825416565,0.99999994039535522],[-0.080557666718959808,-0.55975073575973511,0.82473599910736084,0,0.9966776967048645,-0.035277262330055237,0.073409616947174072,0,-0.011996663175523281,0.82790976762771606,0.56073302030563354,0,0.089025065302848816,0.024080898612737656,-0.088651180267333984,0.99999994039535522],[-0.079176001250743866,-0.55903351306915283,0.825356125831604,0,0.99680560827255249,-0.035700146108865738,0.071442507207393646,0,-0.010473431088030338,0.82837611436843872,0.56007438898086548,0,0.089539416134357452,0.024636443704366684,-0.090231791138648987,0.99999988079071045],[-0.07867739349603653,-0.55949443578720093,0.82509136199951172,0,0.99684923887252808,-0.035790711641311646,0.070785865187644958,0,-0.01007368415594101,0.82806104421615601,0.56054747104644775,0,0.089711382985115051,0.024868078529834747,-0.090666264295578003,1],[-0.078760772943496704,-0.56034654378890991,0.82450497150421143,0,0.99685680866241455,-0.037164874374866486,0.069966830313205719,0,-0.0085630491375923157,0.82742398977279663,0.56151241064071655,0,0.08982568234205246,0.025009032338857651,-0.090699993073940277,1],[-0.079143375158309937,-0.56108182668685913,0.82396811246871948,0,0.9968453049659729,-0.039579987525939941,0.068796455860137939,0,-0.0059877922758460045,0.82681351900100708,0.56244426965713501,0,0.089954085648059845,0.025144118815660477,-0.090606719255447388,1],[-0.078364767134189606,-0.56166774034500122,0.82364344596862793,0,0.99692046642303467,-0.041700918227434158,0.066413909196853638,0,-0.0029558686073869467,0.82631140947341919,0.56320589780807495,0,0.090615168213844299,0.025629755109548569,-0.091718018054962158,1],[-0.074973620474338531,-0.56226879358291626,0.82354879379272461,0,0.99718523025512695,-0.042893759906291962,0.061495766043663025,0,0.00074794667307287455,0.82584124803543091,0.56390208005905151,0,0.092249386012554169,0.026729684323072433,-0.095180317759513855,1],[-0.074017643928527832,-0.5631745457649231,0.82301628589630127,0,0.99725568294525146,-0.043101437389850616,0.060194306075572968,0,0.0015732841566205025,0.82521307468414307,0.56481927633285522,0,0.09277595579624176,0.027226673439145088,-0.096151582896709442,1.0000001192092896],[-0.073872022330760956,-0.56409162282943726,0.82240110635757446,0,0.99726694822311401,-0.042811844497919083,0.060214314609766006,0,0.0012421227293089032,0.82460159063339233,0.56571245193481445,0,0.092957288026809692,0.027512412518262863,-0.096346326172351837,1],[-0.07410016655921936,-0.56476360559463501,0.82191932201385498,0,0.99725049734115601,-0.042638525366783142,0.060609050095081329,0,0.00081563688581809402,0.82415050268173218,0.56637024879455566,0,0.093051649630069733,0.027675159275531769,-0.096329241991043091,0.99999994039535522],[-0.074273444712162018,-0.56486308574676514,0.8218352198600769,0,0.99723762273788452,-0.042654614895582199,0.060808118432760239,0,0.00070680677890777588,0.82408148050308228,0.56647086143493652,0,0.093121141195297241,0.027732953429222107,-0.096292078495025635,1],[-0.072060421109199524,-0.56427031755447388,0.82243919372558594,0,0.99739742279052734,-0.04271877184510231,0.058080818504095078,0,0.0023603050503879786,0.82448405027389526,0.56588011980056763,0,0.091533660888671875,0.027994450181722641,-0.099697895348072052,0.99999994039535522],[-0.065391130745410919,-0.56333547830581665,0.82363653182983398,0,0.99783700704574585,-0.042491734027862549,0.050158757716417313,0,0.006741533987224102,0.82513487339019775,0.56489557027816772,0,0.086800508201122284,0.028711263090372086,-0.10963653028011322,1],[-0.063098624348640442,-0.56276482343673706,0.82420527935028076,0,0.99797326326370239,-0.042401604354381561,0.04745008796453476,0,0.0082443775609135628,0.82552880048751831,0.56429970264434814,0,0.085311613976955414,0.028857730329036713,-0.11281252652406693,1],[-0.062457304447889328,-0.5623975396156311,0.82450467348098755,0,0.99800699949264526,-0.042652007192373276,0.046507257968187332,0,0.0090112220495939255,0.82576620578765869,0.56394058465957642,0,0.084873609244823456,0.028838545083999634,-0.11384182423353195,1],[-0.062438830733299255,-0.56222766637802124,0.82462197542190552,0,0.99800527095794678,-0.042881101369857788,0.046330731362104416,0,0.0093122776597738266,0.82586997747421265,0.56378364562988281,0,0.084767431020736694,0.028771955519914627,-0.11418910324573517,1],[-0.062449194490909576,-0.56233346462249756,0.82454901933670044,0,0.99799817800521851,-0.043449670076370239,0.045953590422868729,0,0.0099851442500948906,0.82576823234558105,0.56392115354537964,0,0.084768995642662048,0.028696093708276749,-0.11430602520704269,0.99999994039535522],[-0.062503963708877563,-0.56286060810089111,0.82418513298034668,0,0.99796563386917114,-0.045641738921403885,0.044512908905744553,0,0.012562665157020092,0.82529067993164062,0.56456840038299561,0,0.084722213447093964,0.028801709413528442,-0.11482323706150055,0.99999994039535522],[-0.062328480184078217,-0.56418728828430176,0.82329088449478149,0,0.99792039394378662,-0.048808686435222626,0.042101319879293442,0,0.016430720686912537,0.82420289516448975,0.56605613231658936,0,0.084469117224216461,0.029254037886857986,-0.11621668189764023,1],[-0.063273675739765167,-0.56663483381271362,0.82153600454330444,0,0.99776536226272583,-0.053619693964719772,0.039863739162683487,0,0.021462328732013702,0.82222247123718262,0.56876134872436523,0,0.084610380232334137,0.029347151517868042,-0.11651474237442017,1],[-0.065016530454158783,-0.57049918174743652,0.81872069835662842,0,0.99744963645935059,-0.061364214867353439,0.036450132727622986,0,0.02944536879658699,0.81900250911712646,0.57303392887115479,0,0.085019022226333618,0.029301717877388,-0.11639866977930069,1],[-0.068028867244720459,-0.57578474283218384,0.8147662878036499,0,0.99684000015258789,-0.072799451649188995,0.031784676015377045,0,0.041013412177562714,0.81435388326644897,0.57891768217086792,0,0.085722602903842926,0.029148884117603302,-0.11603208631277084,1],[-0.072430945932865143,-0.58193612098693848,0.81000262498855591,0,0.99589574337005615,-0.086391210556030273,0.026986945420503616,0,0.054272409528493881,0.80863285064697266,0.58580505847930908,0,0.086699545383453369,0.028925053775310516,-0.11543769389390945,1],[-0.07639940083026886,-0.58787256479263306,0.80533784627914429,0,0.99476146697998047,-0.099957101047039032,0.021403614431619644,0,0.067916631698608398,0.80275428295135498,0.59242957830429077,0,0.087224952876567841,0.028798863291740417,-0.11504741013050079,1],[-0.079010173678398132,-0.59197741746902466,0.80207246541976929,0,0.9934837818145752,-0.11305723339319229,0.014422662556171417,0,0.082142196595668793,0.7979854941368103,0.59705257415771484,0,0.08674342930316925,0.028815276920795441,-0.11531220376491547,1],[-0.080480687320232391,-0.59459418058395386,0.79998797178268433,0,0.99197268486022949,-0.12631514668464661,0.0059105632826685905,0,0.097536191344261169,0.79404181241989136,0.59998703002929688,0,0.087075337767601013,0.028605805709958076,-0.11504611372947693,1.0000001192092896],[-0.083757415413856506,-0.59677189588546753,0.7980276346206665,0,0.98942577838897705,-0.14496821165084839,-0.00456277746707201,0,0.11841155588626862,0.789206862449646,0.60260361433029175,0,0.08791419118642807,0.028096944093704224,-0.11443258076906204,1],[-0.087452180683612823,-0.60003370046615601,0.79518032073974609,0,0.98599857091903687,-0.16590961813926697,-0.016755469143390656,0,0.14198192954063416,0.7825813889503479,0.60614144802093506,0,0.089086540043354034,0.027592882513999939,-0.11352373659610748,1],[-0.09054894745349884,-0.60494261980056763,0.79110389947891235,0,0.9818689227104187,-0.18706478178501129,-0.030661297962069511,0,0.16653600335121155,0.77398395538330078,0.61091285943984985,0,0.090455055236816406,0.027311224490404129,-0.11245552450418472,1],[-0.093110688030719757,-0.61026901006698608,0.78670334815979004,0,0.97648507356643677,-0.21027645468711853,-0.047545269131660461,0,0.19444054365158081,0.76377713680267334,0.61549758911132812,0,0.091484852135181427,0.027142252773046494,-0.11151599138975143,1],[-0.09465482085943222,-0.61448472738265991,0.7832297682762146,0,0.97035175561904907,-0.23270797729492188,-0.065302729606628418,0,0.22239133715629578,0.75382715463638306,0.61829328536987305,0,0.091649793088436127,0.027024347335100174,-0.11090710014104843,0.99999994039535522],[-0.094329789280891418,-0.61719095706939697,0.78113836050033569,0,0.96387416124343872,-0.25294488668441772,-0.08345930278301239,0,0.24909530580043793,0.74504643678665161,0.61875468492507935,0,0.092229828238487244,0.026860933750867844,-0.11016236990690231,1],[-0.093821078538894653,-0.62004733085632324,0.77893441915512085,0,0.95699292421340942,-0.27189961075782776,-0.1011696383357048,0,0.27452194690704346,0.73594284057617188,0.61889082193374634,0,0.092802271246910095,0.026747941970825195,-0.10937643796205521,1],[-0.095159776508808136,-0.62409251928329468,0.77553397417068481,0,0.94956487417221069,-0.29074206948280334,-0.11745399236679077,0,0.29878252744674683,0.72524303197860718,0.62028330564498901,0,0.093440733850002289,0.026644125580787659,-0.1084720566868782,0.99999988079071045],[-0.097275890409946442,-0.63051021099090